[General]
RawID=31969330-2B91-2374-E312-66001295632E
Author=.ds randomizer
Version=DrumSynth v2.0
Comment=DrumSynth configurations generated randomly.
Tuning=-5.5
Stretch=125
Level=23
Filter=0
Gain=95
HighPass=0
Resonance=87
FilterEnv=0,50 37000,0 74000,4 111000,5 148000,94 185000,0 222000,52 259000,86 296000,25 333000,90 370000,93 407000,76 444000,45 444000,0

[Tone]
On=1
Level=170
F1=345890
F2=115296.66666667
Droop=2
Phase=-105
Envelope=0,70 70976,92 141952,53 212928,21 283904,11 354880,8 425856,18 425859,0

[Noise]
On=1
Level=103
Slope=97
Envelope=0,50 3496,24 6992,80 10488,94 13984,89 17480,90 20976,40 24472,41 27968,43 31464,48 34960,46 34966,0

[Overtones]
On=0
Level=188
F1=976
Wave1=0
Track1=1
F2=780.8
Wave2=2
Track2=1
Filter=0
Method=1
Param=88
Envelope1=0,50 1700,1 3400,44 5100,11 6800,17 8500,28 10200,18 11900,25 13600,53 15300,97 17000,14 18700,75 20400,33 20411,0
Envelope2=0,100 1972,64 3944,100 5916,2 7888,9 9860,41 11832,42 13804,65 15776,83 17748,80 17748.695652174,0

[NoiseBand]
On=0
Level=60
F=61370
dF=6818.8888888889
Envelope=0,70 4380,35 8760,100 13140,25 17520,26 17523,0

[NoiseBand2]
On=0
Level=60
F=5303
dF=757.57142857143
Envelope=0,100 14100,32 28200,99 42300,10 42302,0

[Distortion]
On=1
Clipping=55
Bits=6
Rate=5
