[General]
RawID=3F30BA76-5EA1-6C85-689A-9A43C6B6F3D8
Author=.ds randomizer
Version=DrumSynth v2.0
Comment=DrumSynth configurations generated randomly.
Tuning=-5
Stretch=210
Level=-1
Filter=1
Gain=55
HighPass=0
Resonance=0
FilterEnv=0,30 148000,94 296000,13 444000,83 444000,0

[Tone]
On=1
Level=135
F1=125450
F2=41816.666666667
Droop=93
Phase=-10
Envelope=0,30 18352,42 36704,36 55056,80 73408,73 91760,21 110112,15 128464,30 146816,23 146816,0

[Noise]
On=0
Level=91
Slope=-8
Envelope=0,50 6042,54 12084,98 18126,30 24168,92 30210,48 36252,67 42294,90 42298,0

[Overtones]
On=1
Level=98
F1=988
Wave1=2
Track1=1
F2=577.77777777778
Wave2=3
Track2=0
Filter=1
Method=2
Param=51
Envelope1=0,70 3458,88 6916,85 10374,86 13832,9 17290,86 17294,0
Envelope2=0,70 2083,36 4166,98 6249,55 8332,67 10415,70 12498,6 14581,81 16664,24 18747,60 20830,54 20836.144578313,0

[NoiseBand]
On=0
Level=164
F=36965
dF=6160.8333333333
Envelope=0,30 7130,1 14260,10 21390,18 28520,8 35650,46 42780,27 49910,6 49916,0

[NoiseBand2]
On=0
Level=77
F=1343
dF=191.85714285714
Envelope=0,70 5739,48 11478,81 17217,11 22956,75 28695,68 28698,0

[Distortion]
On=0
Clipping=40
Bits=1
Rate=6
