[General]
RawID=41D54B25-5767-EB4C-D839-1DC61728CCF4
Author=.ds randomizer
Version=DrumSynth v2.0
Comment=DrumSynth configurations generated randomly.
Tuning=21
Stretch=35
Level=90
Filter=1
Gain=55
HighPass=1
Resonance=30
FilterEnv=0,30 88800,70 177600,75 266400,37 355200,87 444000,96 444000,0

[Tone]
On=1
Level=150
F1=133500
F2=14833.333333333
Droop=41
Phase=105
Envelope=0,30 83619,57 167238,61 250857,100 334476,58 418095,20 418097,0

[Noise]
On=0
Level=72
Slope=-58
Envelope=0,100 4729,7 9458,30 14187,0 18916,100 23645,8 28374,7 33103,20 37832,44 42561,4 42562,0

[Overtones]
On=0
Level=152
F1=514
Wave1=3
Track1=0
F2=344.96644295302
Wave2=3
Track2=0
Filter=0
Method=0
Param=64
Envelope1=0,70 2093,37 4186,54 6279,5 8372,7 8373,0
Envelope2=0,100 775,66 1550,28 2325,18 3100,94 3875,4 4650,70 5425,11 6200,40 6975,53 7750,27 8525,33 9300,59 9303.3333333333,0

[NoiseBand]
On=0
Level=196
F=60107
dF=10017.833333333
Envelope=0,100 5941,40 11882,17 17823,54 23764,28 29705,5 35646,85 41587,42 47528,35 53469,76 59410,54 59414,0

[NoiseBand2]
On=0
Level=122
F=4049
dF=404.9
Envelope=0,70 2210,16 4420,66 6630,9 8840,49 11050,82 13260,33 15470,79 17680,90 19890,37 19893,0

[Distortion]
On=0
Clipping=4
Bits=6
Rate=2
