[General]
RawID=EFDE7656-45DC-604F-0034-88AB70F02DC9
Author=.ds randomizer
Version=DrumSynth v2.0
Comment=DrumSynth configurations generated randomly.
Tuning=15
Stretch=30
Level=89
Filter=1
Gain=65
HighPass=1
Resonance=8
FilterEnv=0,50 88800,5 177600,53 266400,22 355200,55 444000,36 444000,0

[Tone]
On=1
Level=74
F1=326530
F2=36281.111111111
Droop=97
Phase=-130
Envelope=0,100 41026,58 82052,86 123078,6 164104,4 205130,15 246156,9 287182,60 328208,53 369234,90 369242,0

[Noise]
On=0
Level=91
Slope=21
Envelope=0,70 5750,87 11500,60 17250,11 23000,14 28750,81 34500,38 34504,0

[Overtones]
On=1
Level=98
F1=167
Wave1=1
Track1=1
F2=114.38356164384
Wave2=3
Track2=1
Filter=0
Method=0
Param=61
Envelope1=0,50 4422,83 8844,75 13266,30 17688,88 22110,7 22114,0
Envelope2=0,30 1701,18 3402,84 5103,48 6804,90 8505,92 10206,21 11907,56 13608,89 15309,5 17010,16 17010.769230769,0

[NoiseBand]
On=0
Level=165
F=14447
dF=2063.8571428571
Envelope=0,30 7773,81 15546,76 23319,13 31092,86 38865,97 46638,90 54411,17 62184,51 69957,86 69959,0

[NoiseBand2]
On=0
Level=196
F=1301
dF=216.83333333333
Envelope=0,50 5060,41 10120,23 15180,21 20240,82 25300,85 30360,52 35420,87 40480,6 45540,20 45541,0

[Distortion]
On=1
Clipping=32
Bits=2
Rate=5
